737378131
737254787
735861940
142019569
142018750
737378130
142019239
142019723
514257394
142049546
737487643
737445015
142019572
142049840
737487644
142049625
142049201
142049575
142049673
737326899
142017247
735359229
142018009
735250452
737405737
736948877
737444593
142049708
735611531
737496373
737436396
736948879
142019504
142019699
142049086
142049569
737436472
142050093
142051742
142084033
142052029
737496372
142144145
142019184
142082367
142049587
142019478
142049585
142049571
142019574
142019640
142049631
142051656
142018704
142087248
142049609
142049960
142082965
142049684
142049523
142142526
142049724
737153831
142019096
142049658
142052948
142081632
142049570
142081558
142052919
142049597
142049568
142053457
142049584
142081519
142052041
142049233
142049602
142018939
142049954
142052922
142081492
142106215
142087730
142081621
142081514
142104787
142106142
142109095
142081556
142083004
142106220
142106153
142083580
142104863
142048426
142104798
142083121
142081567
142083034
142087526
142106156
142081647
142083224
142084049
142104815
142050563
142081565
142104500
142081611
142081520
142083016
142108439
142052009
142107463
142082670
142081480
142104806
142081539
142106140
142107478
142106207
142104856
142109811
142082123
142049652
150439741
142106237
142083080
142054110
142049219
142049707
142052945
142083791
142108156
142019530
142106225
142081505
142051740
142049644
142104858
142144137
142104482
142110304
142104761
142110535
150440121
142109122
142052642
150442264
150432822
142106291
150439748
142104785
150430840
142104732
167206796
142108500
142108482
142106216
142105126
142106257
142106276
142105760
142106286
142083081
142081460
142110427
142110308
142110437
150442185
142084022
142108275
150443182
142109051
142052903
150439826
142104533
142142709
142104804
142107790
142105246
142144412
142085407
142050099
142081587
142081642
142081578
142081516
142083156
142019071
142108155
142106217
150428527
150439831
142109079
167307524
142049615
142049608
150430170
142142778
150428605
142083053
142081540
142083083
142049709
142081467
167251459
142049530
142049701
142108481
142108492
142108496
167207078
142104499
167204497
150443184
142081602
150441942
142085402
142104756
142081531
150442582
150430204
150441919
167244828
142083475
167206769
167250056
142081652
142087456
142104846
167201931
142081584
167248522
167249461
150437909
142049590
150440090
142081590
150432205
167205331
142052646
142049679
142107746
167250523
142082652
150432858
142049685
142050217
142110467
142142208
142106150
142107808
142143718
142085391
142081461
142104479
142106265
142085411
142104859
142106149
142104862
142081620
142081504
142106274
142054085
167249397
150439804
142108282
142054836
142081682
142081548
142083071
142081609
142081482
142083154
142081608
142109975
142081617
150441162
142081658
142106164
142144155
142104784
142104866
142109107
142108483
142105804
142144448
142144196
142104821
150432186
142104487
150431373
142104848
142106275
150443185
150442209
142104719
142104805
142144996
142146331
142104456
150430437
142143775
142104807
142143188
142110477
150430221
142110416
150439773
150430166
142144419
142143044
167421087
150442098
150431387
150430842
150431389
142105323
142104847
150430061
167308932
142143834
142144086
150442717
735196793
150442208
150442895
142142953
150442186
142142853
167339699
167342992
167249424
167309531
167339240
167208380
142144977
150441914
167249073
167309146
167304040
142144102
167246108
167251011
167248559
150427903
142144092
150429807
150429851
167250366
150442687
142144220
167251017
167249454
167251474
167303185
150439819
142143757
150430915
150427902
150441940
167308162
150439809
150442234
150439421
150442255
142144122
167337609
150441952
142145334
150440103
167250681
167309182
150440122
142144219
142144082
150429802
167344584
167344522
150442254
150513891
150442271
167365306
150513899
167251562
167250341
167343372
167362779
142144209
167249049
142144195
167364677
260541322
260541526
167439342
260541376
260541798
167366499
167362893
260541430
260541182
260541409
260541415
260542509
260541736
260542496
260541249
260541385
260540825
167439313
167250644
167251445
167250519
167363542
260541900
260542491
260541197
260541475
260541645
167342966
260608926
260606280
260609609
260541362
260609054
150428203
260541284
260605648
167308691
150428107
167344238
260541672
260606245
167368750
260609562
260608884
260609603
260609153
270474823
260541495
260541130
260604751
167337550
167342999
260606104
260541685
260541561
260608893
260609309
167344240
260604798
167303776
167251518
167343359
260541391
260541660
260606113
260541132
260542530
260609606
260609066
260604799
167362852
167439617
260609255
260609114
260609590
260609168
260605673
167420876
260609835
260604753
260609090
167420879
260609567
260609822
260541281
260541482
260541737
260541432
260541388
260542488
260541766
260541439
260541650
260541781
260541434
260606136
167308280
260542467
260541119
260541574
260541811
260542506
260541606
260542495
167308872
260541854
260541531
260610415
260541551
278683641
260609663
260541492
260636409
260610082
260541670
260636692
260541413
260609559
260604539
278683588
260541471
260542471
260541973
260609277
260606067
260609621
260541710
260541558
260606362
260609911
260608958
260610380
260541875
260606291
260541667
167420910
260610096
260542498
260541522
260541553
260541757
260542019
260541347
260609141
260609117
260609361
260610379
260636568
260636429
260541692
260636527
260541891
260636718
270474838
260609167
260606100
260609285
260636587
260636820
260541298
260541180
260605921
167251119
260636543
260609441
260636484
260609062
260636641
260636557
167250629
260636452
167251430
260609132
167307525
260635807
260609210
260636785
278683596
260604814
260609700
260541431
260541387
260541646
278729971
278683556
260604765
260636490
260541708
260609443
260635712
167307832
260541343
260541367
278731075
260636490
260541708
260609443
260635712
167307832
260541343
260541367
278731075
260541401
260606271
260609584
260541978
260541408
260606276
278728320
278683559
260609433
260609837
278727789
278729959
167342945
260609053
260608080
260606109
260609840
167422497
260541145
167420993
260541895
260542527
260541613
260541115
260541416
260541196
260541514
260541336
260606034
293224640
260609086
260541587
278728452
278729695
260610102
270557486
260609639
270554723
278777363
260541481
260609005
167343350
260608573
260609591
260541133
260609679
260541696
278729961
260606384
260606284
260609831
260606092
260609036
260608907
260606265
260604755
260604837
278776988
278777863
260609630
260610141
278683330
260636863
260609637
278683875
278729401
278683876
167344604
260636792
278683649
270474806
278727714
278729937
260610384
260636561
348839494
260604558
260636428
167344132
260636477
167344543
278726184
260610363
278683587
278777872
278731079
278779461
278728207
167303761
278683547
167308340
278729977
167367163
167343420
167364630
278731077
260541418
260541164
167368751
278683158
278729927
278777299
260541441
293222754
260542480
260541371
260541384
260541460
260606091
260604793
260606126
260636559
260606131
260610367
260636859
278683642
293223377
260541351
260606392
260636624
293223363
260604857
167338351
260541370
260609214
260609833
260609024
260541285
260541560
260606120
260541738
260541466
260541986
260541473
260541444
260541985
260541134
260604747
260609100
260609439
260609136
260604827
260606220
260604785
260606062
260610133
260636607
260637574
278728301
260636834
270504124
278728667
278729601
167337786
167339237
167337608
260606050
260604803
167344241
278683637
167337540
260636836
260541548
260541305
260606278
260608841
260610107
260609093
278683565
278684227
167341825
260541304
260541565
167344519
278724917
278728428
167363190
278779471
167368796
167367146
167367164
260541684
260541703
260541440
260542460
260541824
260541360
260542524
278728187
260541128
260541297
260541311
260609209
167421557
278777868
260609118
260604769
260609061
260606119
278778142
260541705
260541748
260541421
260541680
260541541
260605666
260604784
260541711
260541704
260541450
260541393
260609678
260609446
260541461
260609026
260609586
260541327
260541545
293222559
260608960
260608843
260606277
260542636
260609617
260541780
260608891
260609198
260541619
167368039
260608425
260609222
270474815
260541354
260609097
260609232
260605977
260609181
270474842
260609451
260541350
260541463
260541732
260541289
260608916
167421015
260541342
260606254
260604805
278727793
293225157
293219137
278730069
293223264
278683864
278683879
278728345
278730006
142145021
278724894
167419095
142110423
142144986
142142837
142144180
142142237
167368686
142144090
142146402
278683594
293225748
278729629
278729729
142142832
167417386
278729607
278726710
278728363
293225972
293346286
348840268
142145017
142143713
142142811
142142833
142144445
142144953
142144115
142144103
142143737
167418976
167416201
142144227
167363192
142142848
142143835
142144198
260636805
260636710
167419078
167417769
142144470
260636438
260636544
260636334
142143717
167416101
167417403
167417407
260636881
260636357
142143705
167417833
142142354
142145014
142143722
142144146
142144422
142142861
142143855
260636873
260635797
260636562
260636798
260636794
260636603
167417077
260636879
260636872
260609057
167363124
260640810
260636571
142142684
260640812
260640822
260636332
260654217
260654209
150432175
142146349
260636362
260636701
260636610
260635745
260604779
278728407
278726860
260640814
260636633
260606294
260604789
260609478
260640859
260636186
260640801
167418965
167362120
260636600
260636566
260636781
260636852
260636369
260635742
260640796
167416773
260605667
260659632
260636828
167417157
260636503
260640820
260640816
167417055
260636618
260653988
167417023
260640805
167419056
260654689
260653896
260640864
260659342
260636617
260659611
260654222
260636822
260636413
260635764
260636626
167362797
260653952
260654237
260636572
260640388
260659608
260659302
260636837
142142239
167417115
260640827
260636684
260636459
260636530
260654184
260636716
167415865
260636485
260654203
260708502
260654180
260640902
167417094
293224721
260659356
142144415
167416212
260654245
260654253
260654248
260636884
260636815
260636417
260636630
260659639
260654210
260659388
167363132
260640797
260659381
167362877
260654206
167417124
167416211
260654201
278778244
260708450
260654228
260659621
260708451
260641155
260659662
150432464
293223324
260659667
260659626
260654231
270554726
260708231
260659360
142144435
260659353
260654269
260654181
260654232
167365322
167365294
278778541
260654263
293223237
260708255
278777074
167417046
293269863
278778548
278776954
167368414
293223322
167415876
167416198
167417075
260636525
167363150
293225163
260708535
167417026
293346304
293271277
293223381
293268574
278779441
278778235
142144087
293222750
278778565
293268007
167418501
260635551
142146387
167419087
260636441
167419108
260636478
142144081
167416414
293220838
293225589
293272894
260636326
293224945
167416221
293271744
293267709
167415912
142142849
293267828
293272016
260641186
260640942
260635512
260608903
293273167
260640802
293347945
260636405
260636838
293346657
293346653
293346655
293346230
293346599
293346361
293346239
348839218
293346734
293272672
293346626
293346054
348841558
348841495
348840530
348841228
260654173
167368435
348840227
348841524
348841532
348841247
348840229
348840245
348840213
348840235
260610118
260635514
260636376
260636866
348840546
348841791
348839477
348839473
260636709
348841478
260653997
260659629
348841521
372850484
348841195
372850226
348840558
348840282
348840669
348840288
260636411
260635518
348841562
348841256
260636301
260635767
260636380
348840253
372850508
260659417
260640811
375032197
348841298
372852412
348840569
167415890
348840280
260654272
375035019
348840276
372851225
167415868
348840255
348841496
348840566
348841555
372850612
372850616
372850828
372850506
348841481
260641358
167416794
260659310
348841484
372850562
167417374
348840215
372850477
348841168
375032567
348840219
375035304
375035513
375033962
348841852
372850502
260635502
375032227
375034658
372850864
372850838
260659343
260708522
375034759
375058581
374997861
167417396
167416178
260606036
167415855
260606226
375034231
374997815
374997739
260609636
260609589
372850178
375035386
375032454
375032789
375036945
375033286
375058553
375058560
260641153
375032761
375058769
375032508
375056308
375033965
375058760
375058152
375056695
375055969
375034761
375034476
375056523
260653939
260609628
260636824
375058554
260659444
260654214
375036634
260608922
260604766
260659337
260659986
375033902
260659344
375035260
375055664
375058138
375058633
278776950
375055935
260708175
260654246
375058578
260654265
260659679
260659675
260654226
260636589
260653897
293225642
260636599
260636845
260641117
278778567
260654257
260659357
260641484
260659312
260654188
260659365
293346048
260653900
260653901
260708531
260709320
260708428
260708227
260708471
260708509
293273119
260708427
293269132
260636594
348841543
260658047
293346364
293346225
260636456
260708523
260636540
278778228
348842168
293273040
375035033
348843066
348840287
348841537
348840529
348841538
348840238
375032195
372849915
293271705
293346356
375055929
372849922
348840325
348840629
348840232
372850839
372850509
374997614
374997216
375033166
375056529
348840237
348840208
348840205
372850181
372850246
372850483
375058573
374997734
278777360
375034623
375036635
375032851
375056402
293271369
293346237
375055981
372851219
348841240
348840212
348840321
348840399
348840357
293272118
375032843
375032723
375055975
375056410
375057225
375058140
372849661
375058537
